<?xml version="1.0"?>
<opencv_storage>
<imagelist>
"P1010001s.jpg"
"P1010002s.jpg"
"P1010003s.jpg"
"P1010004s.jpg"
"P1010005s.jpg"
"P1010006s.jpg"
"P1010007s.jpg"
"P1010008s.jpg"
"P1010009s.jpg"
"P1010010s.jpg"
"P1010011s.jpg"
"P1010012s.jpg"
"P1010013s.jpg"
"P1010014s.jpg"
"P1010015s.jpg"
"P1010016s.jpg"
"P1010017s.jpg"
"P1010018s.jpg"
"P1010019s.jpg"
"P1010020s.jpg"
</imagelist>
</opencv_storage>